start=21.125000
volume=90.000000
